nan nan nan
4.404747999999999997e-03 -7.793899269999999824e-01 -1.040514700000000001e-02
8.818067000000000613e-03 -9.127413989999999533e-01 -1.500000000000000031e-03
1.318167599999999981e-02 -1.106297678000000007e+00 -4.899999999999999842e-03
1.747660499999999922e-02 -1.294085976000000082e+00 -7.900000000000000772e-03
2.166440400000000169e-02 -1.473476226999999916e+00 -1.039999999999999952e-02
1.574100399999999941e-02 1.630147779999999935e+00 4.599999999999999922e-03
9.578533999999999660e-03 1.224555972999999964e+00 8.999999999999999754e-04
3.056835999999999842e-03 8.739357250000000521e-01 -2.200000000000000133e-03
-3.958394999999999969e-03 5.760534419999999711e-01 -4.700000000000000185e-03
-1.426710500000000041e-02 1.195117667000000106e+00 1.930000000000000118e-02
-2.536739899999999881e-02 9.116587790000000302e-01 1.469999999999999953e-02
-3.737157900000000199e-02 6.833484410000000286e-01 1.119999999999999989e-02
-5.035448700000000333e-02 5.034439729999999891e-01 8.500000000000000611e-03
-5.169080699999999834e-02 4.054278150000000247e-01 1.400000000000000029e-02
-5.396870200000000034e-02 2.978655430000000104e-01 1.179999999999999973e-02
-5.705609899999999901e-02 2.179235200000000094e-01 1.009999999999999960e-02
-6.074121600000000065e-02 1.583011749999999884e-01 8.899999999999999925e-03
-3.218769600000000175e-02 -1.894794180000000106e-01 -2.060000000000000026e-02
-4.951223000000000256e-03 -2.089186939999999881e-01 -1.940000000000000058e-02
2.150426799999999999e-02 -2.315532409999999930e-01 -1.839999999999999969e-02
4.771143099999999859e-02 -2.633622620000000136e-01 -1.770000000000000046e-02
4.610953500000000010e-02 -6.707909850000000063e-01 -8.500000000000000611e-03
4.621893700000000160e-02 -7.165735890000000108e-01 -8.999999999999999320e-03
4.830976900000000240e-02 -7.878142529999999644e-01 -9.700000000000000289e-03
5.258388900000000171e-02 -8.871995560000000003e-01 -1.080000000000000057e-02
5.708105299999999965e-02 -1.850184153999999914e+00 -1.500000000000000031e-03
6.396251199999999915e-02 -1.975211846999999965e+00 -3.500000000000000073e-03
7.319653499999999313e-02 -2.129464786999999859e+00 -5.599999999999999943e-03
8.465691300000000030e-02 -2.307239774000000132e+00 -7.700000000000000247e-03
6.284824199999999861e-02 1.654663833999999945e+00 1.389999999999999916e-02
4.161841399999999941e-02 1.174206392999999959e+00 1.009999999999999960e-02
2.044218700000000055e-02 7.322543999999999720e-01 6.799999999999999621e-03
-1.274932000000000105e-03 3.322618800000000094e-01 4.000000000000000083e-03
-1.686419999999999890e-04 1.971936316000000078e+00 1.450000000000000074e-02
3.619410000000000097e-04 1.458094798999999941e+00 1.149999999999999981e-02
-2.293700000000000079e-04 1.025008397999999987e+00 9.100000000000000450e-03
-2.489476000000000015e-03 6.660456839999999712e-01 7.300000000000000065e-03
-2.305810599999999835e-02 2.123339139000000042e+00 2.170000000000000054e-02
-4.710356699999999897e-02 1.697521170999999995e+00 1.940000000000000058e-02
-7.518696199999999608e-02 1.356332920000000053e+00 1.770000000000000046e-02
-1.078053560000000050e-01 1.083327801999999895e+00 1.650000000000000078e-02
-1.035071290000000033e-01 -3.797786009999999934e-01 -1.439999999999999961e-02
-1.032775420000000000e-01 -4.531441840000000054e-01 -1.310000000000000053e-02
-1.071269980000000011e-01 -5.201279439999999532e-01 -1.200000000000000025e-02
-1.149133739999999987e-01 -5.912684780000000417e-01 -1.119999999999999989e-02
-7.504757099999999348e-02 -2.076446944000000183e+00 -2.009999999999999981e-02
-4.160436700000000321e-02 -2.105335005999999787e+00 -2.000000000000000042e-02
-1.365180000000000039e-02 -2.168188594000000080e+00 -2.029999999999999860e-02
9.750345000000000539e-03 -2.266349309999999839e+00 -2.110000000000000070e-02
2.881975300000000004e-02 6.369443040000000167e-01 5.100000000000000366e-03
4.518609700000000146e-02 2.730376620000000143e-01 2.200000000000000133e-03
5.963775899999999852e-02 -9.383211700000000655e-02 -1.000000000000000021e-03
7.287354899999999580e-02 -4.626502270000000250e-01 -4.499999999999999660e-03
6.198826100000000283e-02 8.931095510000000015e-01 2.500000000000000052e-03
5.220481899999999953e-02 3.638178790000000107e-01 -2.099999999999999870e-03
4.378184699999999874e-02 -1.391530679999999909e-01 -6.700000000000000226e-03
3.690047500000000202e-02 -6.182026330000000014e-01 -1.119999999999999989e-02
3.700532000000000127e-02 -3.847157500000000230e-01 7.199999999999999803e-03
3.864342099999999725e-02 -8.835739179999999582e-01 8.000000000000000383e-04
4.183068100000000150e-02 -1.348389805000000052e+00 -5.199999999999999761e-03
4.652496899999999935e-02 -1.777214287999999920e+00 -1.069999999999999944e-02
3.154138000000000081e-02 1.810938509000000085e+00 1.549999999999999989e-02
1.813562800000000086e-02 1.002358005999999913e+00 7.499999999999999722e-03
6.073048000000000161e-03 3.280602260000000103e-01 6.999999999999999929e-04
-4.907815000000000268e-03 -2.250663310000000084e-01 -5.000000000000000104e-03
-1.642433199999999982e-02 4.615628562999999573e+00 3.409999999999999837e-02
-2.740022799999999870e-02 3.450628564000000065e+00 2.409999999999999989e-02
-3.807448100000000030e-02 2.569980115999999981e+00 1.650000000000000078e-02
-4.864559999999999718e-02 1.908952243000000104e+00 1.069999999999999944e-02
-2.979046700000000103e-02 -8.433109850000000129e-01 2.309999999999999901e-02
-1.169017800000000072e-02 -9.267044719999999458e-01 1.770000000000000046e-02
5.661415999999999844e-03 -9.614160379999999728e-01 1.389999999999999916e-02
2.228538199999999941e-02 -9.616011650000000355e-01 1.119999999999999989e-02
2.046349000000000085e-02 -1.343834683999999946e+00 -2.970000000000000070e-02
1.840771600000000105e-02 -1.275093848000000030e+00 -2.759999999999999953e-02
1.603787599999999952e-02 -1.204906231000000050e+00 -2.560000000000000123e-02
1.324659400000000042e-02 -1.137708412999999918e+00 -2.369999999999999885e-02
4.138537000000000292e-03 -2.515905729999999840e-01 -2.399999999999999790e-03
-5.640748000000000116e-03 -2.583043819999999990e-01 -2.299999999999999961e-03
-1.624838500000000061e-02 -2.642394220000000016e-01 -2.200000000000000133e-03
-2.783316599999999946e-02 -2.699275930000000212e-01 -2.299999999999999961e-03
-2.778207599999999930e-02 8.410900709999999947e-01 -8.999999999999999754e-04
-2.907440299999999866e-02 7.463327560000000416e-01 -1.299999999999999940e-03
-3.174889799999999762e-02 6.630303829999999454e-01 -1.899999999999999996e-03
-3.580150599999999683e-02 5.883112080000000299e-01 -2.500000000000000052e-03
-2.068788300000000066e-02 -4.420778410000000269e-01 5.899999999999999863e-03
-7.679647000000000383e-03 -4.448000999999999761e-01 4.499999999999999660e-03
3.416442000000000003e-03 -4.558981830000000124e-01 3.099999999999999891e-03
1.279940300000000086e-02 -4.766775489999999782e-01 1.699999999999999905e-03
1.291579799999999917e-02 -4.722386980000000123e-01 8.999999999999999754e-04
1.204559600000000043e-02 -5.152705060000000170e-01 -5.999999999999999474e-04
1.030525699999999996e-02 -5.673354130000000106e-01 -2.099999999999999870e-03
7.792410999999999956e-03 -6.267450300000000363e-01 -3.700000000000000164e-03
9.226853000000000138e-03 6.515826430000000169e-01 1.839999999999999969e-02
9.844144000000000852e-03 5.042369989999999635e-01 1.480000000000000066e-02
9.710988999999999732e-03 3.655526929999999841e-01 1.129999999999999928e-02
8.877813999999999497e-03 2.365154270000000003e-01 8.000000000000000167e-03
5.342230000000000112e-04 6.072992980000000429e-01 -2.239999999999999977e-02
-8.208481999999999584e-03 4.657010089999999991e-01 -2.419999999999999929e-02
-1.734571500000000113e-02 3.375775650000000239e-01 -2.630000000000000046e-02
-2.686105100000000037e-02 2.214707270000000061e-01 -2.879999999999999921e-02
-1.860671800000000126e-02 5.162489019999999540e-01 -6.300000000000000044e-03
-1.142082500000000077e-02 3.916573810000000266e-01 -1.069999999999999944e-02
-5.138908000000000191e-03 2.751609300000000258e-01 -1.510000000000000057e-02
4.149220000000000230e-04 1.632443960000000138e-01 -1.930000000000000118e-02
-8.237879999999999942e-04 -6.388969129999999552e-01 4.859999999999999737e-02
-2.131431999999999945e-03 -7.147968329999999648e-01 3.559999999999999970e-02
-3.359005999999999884e-03 -7.998894069999999967e-01 2.479999999999999913e-02
-4.355682999999999951e-03 -8.956208230000000103e-01 1.580000000000000154e-02
-1.688405000000000027e-03 -3.936604730000000107e-01 -2.099999999999999870e-03
1.383447000000000105e-03 -5.407581510000000202e-01 -7.100000000000000408e-03
5.030124999999999874e-03 -6.936734549999999944e-01 -1.119999999999999989e-02
9.418150999999999606e-03 -8.501190220000000020e-01 -1.460000000000000013e-02
1.926290300000000136e-02 8.865533439999999654e-01 4.400000000000000265e-03
2.993737600000000165e-02 6.063707400000000192e-01 -2.000000000000000096e-04
4.156848600000000171e-02 3.468190910000000238e-01 -3.899999999999999821e-03
5.423645500000000286e-02 1.087070660000000050e-01 -6.700000000000000226e-03
3.684373500000000246e-02 2.216799796000000100e+00 4.689999999999999725e-02
2.093871099999999874e-02 1.808128159000000013e+00 3.749999999999999861e-02
6.373611999999999854e-03 1.448751708000000082e+00 3.059999999999999873e-02
-7.030279000000000389e-03 1.128709779000000024e+00 2.549999999999999836e-02
-1.352269499999999951e-02 -1.449265602999999958e+00 -2.630000000000000046e-02
-1.916527100000000108e-02 -1.560365586999999943e+00 -2.440000000000000155e-02
-2.411497099999999894e-02 -1.680888050999999939e+00 -2.249999999999999917e-02
-2.850045299999999851e-02 -1.814331573999999891e+00 -2.079999999999999905e-02
-1.789071199999999959e-02 -1.300793155999999895e+00 -1.200000000000000025e-02
-7.023076999999999966e-03 -1.494937012000000065e+00 -1.129999999999999928e-02
4.082106999999999750e-03 -1.694976650000000085e+00 -1.089999999999999997e-02
1.541470900000000040e-02 -1.895303395000000002e+00 -1.080000000000000057e-02
1.052499500000000053e-02 2.060622669999999879e+00 -1.250000000000000069e-02
5.939123000000000145e-03 1.517351010000000056e+00 -1.290000000000000001e-02
1.598473999999999902e-03 1.050630731999999901e+00 -1.340000000000000045e-02
-2.564344999999999992e-03 6.573916220000000088e-01 -1.409999999999999969e-02
-2.383482000000000135e-03 1.338203999999999949e+00 2.659999999999999865e-02
-2.142681999999999920e-03 9.759239549999999541e-01 2.239999999999999977e-02
-1.904244999999999939e-03 6.960399609999999848e-01 1.859999999999999848e-02
-1.727306000000000067e-03 4.916594559999999947e-01 1.540000000000000049e-02
-4.934408000000000370e-03 2.925203538999999964e+00 1.220000000000000077e-02
-8.323664999999999189e-03 2.554194588000000099e+00 9.900000000000000813e-03
-1.194162600000000032e-02 2.286115870000000161e+00 8.000000000000000167e-03
-1.582254900000000172e-02 2.097688703999999849e+00 6.300000000000000044e-03
-7.823596999999999843e-03 -3.123810761000000102e+00 -1.200000000000000025e-02
-1.649999999999999991e-04 -2.905349976000000112e+00 -1.239999999999999956e-02
7.174029000000000170e-03 -2.706947607000000033e+00 -1.280000000000000061e-02
1.421238900000000062e-02 -2.535899876000000219e+00 -1.340000000000000045e-02
5.948984000000000043e-03 1.416388189000000075e+00 3.399999999999999811e-03
-2.586123999999999975e-03 1.333101219000000004e+00 1.399999999999999986e-03
-1.141523600000000048e-02 1.234531948000000101e+00 -5.999999999999999474e-04
-2.055684199999999878e-02 1.115064143999999979e+00 -2.700000000000000143e-03
-1.349678799999999915e-02 -1.307402664999999908e+00 2.000000000000000042e-03
-6.775228000000000327e-03 -1.372800779999999943e+00 -6.999999999999999929e-04
-3.410500000000000228e-04 -1.490651171999999969e+00 -3.399999999999999811e-03
5.866815000000000051e-03 -1.664111040000000097e+00 -6.199999999999999782e-03
9.362215999999999594e-03 -5.223892329999999529e-01 1.199999999999999895e-03
1.278714799999999992e-02 -8.651793429999999896e-01 -2.399999999999999790e-03
1.617952199999999827e-02 -1.257071942000000053e+00 -6.000000000000000125e-03
1.955834600000000076e-02 -1.694820685999999910e+00 -9.499999999999999764e-03
1.286069700000000079e-02 2.055771586000000095e+00 6.700000000000000226e-03
6.145827999999999881e-03 1.175912985000000077e+00 1.600000000000000077e-03
-6.397609999999999755e-04 3.163250599999999912e-01 -3.200000000000000153e-03
-7.558645999999999594e-03 -5.285968989999999534e-01 -7.599999999999999985e-03
-8.016252999999999226e-03 1.590701608000000045e+00 1.969999999999999876e-02
-8.719384999999999636e-03 3.998355210000000270e-01 1.230000000000000017e-02
-9.706523999999999361e-03 -7.214642449999999485e-01 5.899999999999999863e-03
-1.100327299999999918e-02 -1.790725230000000057e+00 2.000000000000000096e-04
-1.001365000000000068e-02 1.353071429999999964e+00 7.599999999999999985e-03
-9.363748999999999337e-03 -2.575478660000000142e-01 1.699999999999999905e-03
-9.033460000000000101e-03 -1.711399759999999937e+00 -3.599999999999999901e-03
-8.988849000000000145e-03 -3.046133803000000029e+00 -8.200000000000000691e-03
-1.016788999999999931e-03 5.920272298000000433e+00 7.499999999999999722e-03
6.618968000000000247e-03 2.644063050999999831e+00 1.299999999999999940e-03
1.398527599999999961e-02 5.791211899999999801e-02 -4.100000000000000346e-03
2.113900100000000101e-02 -2.077966383000000139e+00 -8.899999999999999925e-03
1.078822200000000009e-02 -8.724259920000000390e-01 -9.400000000000000369e-03
1.163911100000000060e-02 -7.085120419999999530e-01 -1.030000000000000013e-02
2.912148700000000145e-02 -4.756124119999999844e-01 -2.200000000000000133e-03
